30 435 1
7 29 72
15 20 162
10 11 217
8 21 237
7 26 56
2 19 225
5 23 70
4 28 99
6 9 151
13 14 215
12 17 168
5 30 92
15 25 195
6 30 45
17 28 222
5 29 194
5 14 53
10 28 111
2 7 126
5 22 134
16 18 235
1 19 99
17 21 102
10 18 206
12 28 165
2 6 157
1 20 31
9 20 130
6 7 233
14 19 115
12 18 13
13 20 29
6 26 225
2 8 57
19 26 113
15 17 212
7 9 3
7 20 204
2 22 61
11 21 15
3 25 137
14 25 114
15 26 175
9 15 37
22 28 191
4 24 8
17 26 203
24 26 125
5 11 22
9 28 124
17 18 151
13 21 235
18 30 20
10 14 158
1 15 43
13 24 107
11 17 7
19 24 62
15 22 152
17 29 34
8 22 149
24 25 149
4 27 151
20 29 181
8 13 18
10 22 8
6 18 8
23 30 242
10 12 168
23 28 48
10 15 71
21 22 193
12 13 86
3 4 59
18 26 77
25 29 106
15 27 177
5 15 156
10 24 158
14 28 44
26 30 135
27 28 2
19 21 18
8 18 36
14 27 66
6 11 168
1 30 91
14 17 127
16 22 35
1 11 247
5 9 115
6 23 1
5 6 76
2 9 110
23 25 198
28 30 218
2 14 155
2 29 224
1 7 52
2 17 206
10 17 82
7 21 6
10 25 227
25 28 168
12 20 141
8 26 85
10 26 230
11 28 255
8 30 147
6 17 52
17 25 164
16 30 78
14 18 233
16 25 114
3 19 35
28 29 86
4 26 64
5 13 27
1 2 19
5 27 214
8 27 42
2 21 139
4 8 180
2 5 148
18 29 167
24 29 232
21 29 134
4 17 169
11 24 127
9 11 214
21 28 200
2 30 48
6 24 103
2 10 138
7 10 206
1 14 53
19 28 1
3 7 35
1 16 32
1 10 254
3 27 157
9 12 91
16 29 105
11 13 162
9 26 221
13 25 130
6 8 64
6 19 231
4 6 23
27 30 207
1 21 175
3 12 130
16 17 141
6 29 251
9 18 159
3 22 148
3 29 126
12 15 46
14 24 4
11 27 129
6 12 251
15 18 61
5 17 218
12 25 29
2 25 145
14 30 56
5 25 4
10 19 20
21 30 191
3 21 72
8 28 222
6 13 188
21 24 72
5 18 218
11 25 186
1 4 39
9 13 68
3 16 35
1 5 29
5 24 129
1 13 14
8 17 227
18 20 205
4 14 208
21 25 252
7 24 140
13 28 186
18 21 245
9 17 235
3 24 171
12 27 171
18 27 2
16 24 148
18 22 165
7 27 191
1 28 219
2 4 184
13 22 200
14 29 192
6 25 53
13 18 28
14 23 165
14 22 71
1 9 208
4 15 77
3 26 190
13 19 164
19 20 27
13 15 62
4 21 136
8 15 174
16 26 8
16 27 175
22 29 175
9 22 73
24 27 80
13 23 106
3 8 191
7 11 201
7 12 241
7 22 70
2 13 10
13 27 43
15 23 10
12 14 8
21 23 227
23 26 12
19 30 243
8 23 6
4 18 55
5 16 130
7 16 197
26 27 166
22 24 95
3 15 189
14 21 18
1 8 164
9 19 82
6 27 116
8 12 252
22 30 44
1 25 36
16 28 43
9 16 162
17 24 195
1 22 207
12 22 63
1 26 206
4 9 5
10 13 88
20 27 209
1 3 253
10 20 40
4 20 52
9 27 110
20 24 182
8 9 88
15 19 9
1 12 148
17 19 44
10 16 226
13 30 190
6 10 5
7 25 54
22 25 47
10 29 215
26 28 231
8 16 150
20 23 134
1 24 31
8 14 182
25 27 139
15 28 174
15 21 168
4 10 5
4 16 185
19 25 83
3 23 30
6 28 14
20 26 92
2 18 64
20 28 89
20 25 23
15 30 208
3 9 105
12 16 85
20 22 161
2 12 103
3 14 196
6 16 106
8 29 109
14 15 138
1 6 246
21 27 218
11 20 70
17 20 53
19 29 199
11 18 177
5 19 169
2 28 181
4 5 108
18 25 239
12 26 56
8 19 198
29 30 166
4 25 10
18 24 241
11 12 241
7 17 166
4 22 181
10 27 80
1 23 71
8 11 201
2 26 5
2 23 31
2 3 97
2 27 34
5 8 216
7 28 51
11 23 187
17 27 208
3 28 152
8 25 235
17 30 86
5 28 44
4 29 68
24 28 129
9 24 175
9 10 191
15 29 207
11 26 41
10 23 5
8 20 15
7 8 207
18 23 5
11 29 235
7 23 53
26 29 122
16 20 231
13 16 51
4 19 71
7 18 239
1 29 227
9 29 30
11 19 148
3 18 222
11 15 173
3 5 229
4 12 172
14 26 104
20 21 206
2 20 145
12 21 58
2 16 103
7 30 164
2 15 23
6 20 170
14 16 246
17 23 52
3 10 214
3 17 168
3 30 84
23 27 200
22 23 93
6 22 103
5 12 10
22 27 106
3 13 121
6 21 186
4 13 108
18 28 25
1 27 163
10 30 252
6 15 106
8 10 228
12 24 176
13 26 208
19 23 168
9 21 200
4 30 214
5 21 161
4 11 238
5 7 97
4 23 8
8 24 3
24 30 232
9 14 109
5 26 145
5 10 218
22 26 46
12 19 27
11 22 23
13 17 83
11 16 163
1 17 47
4 7 211
3 6 174
3 20 40
7 14 244
23 29 48
7 13 215
7 19 146
25 26 252
19 27 170
16 21 209
11 30 252
13 29 176
6 14 12
25 30 237
2 24 101
18 19 180
11 14 232
16 19 215
1 18 152
3 11 24
9 23 125
15 24 108
10 21 112
7 15 89
17 22 206
16 23 101
19 22 99
12 30 51
27 29 33
14 20 208
5 20 95
9 30 65
21 26 190
15 16 91
12 23 245
2 11 114
23 24 13
9 25 109
20 30 223
12 29 70
