40 7 4
20 2 3 6 8 10 11 12 13 14 19 20 22 23 25 27 28 37 38 39 40
20 1 3 4 9 10 11 17 20 21 22 24 25 27 32 33 34 35 36 37 39
18 1 2 4 12 13 15 17 18 19 22 24 28 32 33 34 36 38 39
21 2 3 5 7 9 10 12 13 14 20 22 24 26 28 29 30 32 33 36 37 40
12 4 10 16 19 20 21 22 28 32 33 35 37
16 1 8 9 12 13 14 16 17 19 20 23 28 29 31 33 35
1 4
2 1 6
3 2 4 6
4 1 2 4 5
2 1 2
4 1 3 4 6
4 1 3 4 6
3 1 4 6
1 3
2 5 6
3 2 3 6
1 3
4 1 3 5 6
5 1 2 4 5 6
2 2 5
5 1 2 3 4 5
2 1 6
3 2 3 4
2 1 2
1 4
2 1 2
5 1 3 4 5 6
2 4 6
1 4
1 6
4 2 3 4 5
5 2 3 4 5 6
2 2 3
3 2 5 6
3 2 3 4
4 1 2 4 5
2 1 3
3 1 2 3
2 1 4
