50 50 2 100
43 30
3 13
36 26
4 40
20 7
48 38
42 30
39 24
35 8
18 17
33 5
25 50
30 4
46 47
21 10
25 47
19 12
41 6
26 11
9 9
15 37
36 13
19 28
22 18
31 26
43 2
20 25
45 15
28 19
4 50
41 24
22 2
39 32
36 41
45 1
47 10
11 42
10 46
44 33
41 23
26 45
50 33
20 14
21 6
48 23
28 49
6 17
15 3
44 48
43 1
13 20
25 26
50 7
42 39
37 7
16 38
22 29
40 12
34 18
42 33
12 32
23 47
11 12
7 46
4 20
10 48
39 25
1 40
1 33
36 38
2 19
21 34
21 21
30 25
39 21
8 25
37 45
35 31
8 20
32 14
32 35
13 18
39 44
11 23
4 5
2 9
1 41
16 1
24 3
20 39
44 23
15 23
1 42
41 3
1 7
38 23
42 26
6 7
9 21
23 18
29 42
2 8
