200 400
0
1 2 10
2 28 74
2 130 74
2 144 58
3 103 29
3 169 59
4 156 61
4 178 59
4 195 50
5 76 5
5 153 99
5 159 95
6 113 20
6 152 86
7 14 51
7 46 20
7 78 48
8 25 92
8 51 8
8 58 54
8 192 93
9 31 83
9 132 59
9 161 31
10 13 5
10 128 21
10 163 68
10 169 16
10 176 69
11 113 64
11 118 65
12 63 78
12 152 37
13 17 38
13 81 87
13 107 17
13 199 49
14 40 47
14 47 76
14 90 98
14 102 3
14 137 74
14 170 92
15 36 22
16 48 11
16 51 95
16 137 94
16 181 58
17 33 86
17 143 53
18 36 63
18 83 30
18 137 35
18 141 21
19 114 13
19 156 92
20 73 93
20 157 80
21 74 7
21 88 61
21 139 43
21 149 24
22 39 38
22 66 32
22 69 13
22 115 76
22 140 48
22 188 61
23 65 75
23 66 75
23 77 10
23 79 77
23 81 100
23 90 54
23 121 51
23 149 10
23 186 48
24 72 44
24 105 67
25 65 85
25 142 48
25 143 29
25 163 14
25 166 82
25 171 50
25 172 26
26 59 25
26 62 94
26 109 57
27 47 32
27 62 55
27 114 52
28 36 55
28 38 44
28 119 35
28 120 67
28 177 20
28 178 82
29 170 80
29 172 94
30 118 9
30 194 89
31 42 22
31 76 8
31 77 42
31 78 72
31 106 18
31 109 41
31 136 67
31 178 36
32 114 25
32 148 14
32 186 65
32 191 91
32 194 48
32 196 66
33 40 68
33 63 24
34 49 59
34 70 77
34 170 55
34 182 13
35 71 80
35 121 61
35 139 57
35 153 14
35 187 80
35 188 28
36 152 47
36 165 59
37 55 21
37 61 55
37 104 47
38 62 42
38 83 15
38 87 41
38 119 66
38 146 32
39 113 81
39 157 32
40 114 67
40 117 58
40 138 98
41 56 83
41 106 48
41 140 97
41 149 100
42 135 67
43 78 20
44 59 59
44 61 43
44 140 27
44 189 23
45 69 22
45 137 87
45 152 31
45 158 87
46 65 18
46 142 58
47 56 34
47 134 76
47 170 78
47 183 88
48 49 75
48 116 72
48 132 54
48 153 15
49 127 37
50 56 85
50 84 47
50 87 68
50 88 4
50 141 4
50 155 17
50 188 38
51 78 3
51 94 65
51 134 38
51 151 70
51 173 37
51 198 48
52 122 64
52 124 63
52 154 70
52 175 86
52 198 1
53 126 53
53 134 72
53 136 71
54 65 10
54 74 57
54 120 46
54 175 40
55 78 97
55 180 72
55 191 11
56 153 50
57 69 38
57 190 47
58 160 87
59 67 85
59 97 66
59 179 42
60 182 40
60 199 83
61 130 79
61 152 43
62 102 99
62 139 68
62 179 12
63 69 35
63 111 15
64 152 27
65 76 49
65 113 85
65 137 64
66 74 2
66 169 37
66 176 36
67 101 72
67 197 98
68 123 44
69 79 69
69 130 37
69 131 40
70 156 41
71 134 47
71 159 42
72 172 78
72 190 45
73 75 28
74 75 14
74 78 11
75 93 69
75 111 54
75 135 45
75 177 99
75 185 96
77 133 43
77 177 67
78 84 59
78 142 30
79 104 81
79 107 85
79 176 78
80 198 17
81 82 49
81 91 31
81 140 5
81 169 36
81 189 2
81 196 3
82 157 31
82 173 23
82 189 91
83 133 23
84 104 63
84 112 38
84 148 64
84 174 92
84 182 82
85 128 91
86 124 6
86 173 44
87 111 11
87 122 11
87 184 88
88 130 9
88 174 6
89 107 31
89 108 75
89 164 16
89 186 60
90 124 8
90 154 52
91 169 89
92 94 24
92 125 52
92 130 72
92 153 29
93 132 39
93 165 73
93 183 83
94 100 70
94 104 47
94 118 73
95 149 92
95 172 9
95 197 62
96 181 55
97 128 53
97 141 96
97 179 97
98 99 58
98 160 39
98 172 59
99 135 68
99 172 27
99 192 67
100 121 25
100 124 9
101 108 94
101 151 92
101 175 20
102 121 1
102 126 43
102 145 60
102 152 76
103 123 47
103 138 31
103 139 4
104 130 85
105 126 56
105 185 38
106 139 6
106 197 2
107 160 63
107 162 97
107 189 63
108 122 24
108 139 3
108 147 15
108 174 19
108 188 51
108 189 72
109 199 10
109 200 9
110 179 91
111 149 36
111 153 28
111 183 67
111 188 96
112 129 21
112 186 10
112 198 15
114 181 73
115 160 52
117 188 74
117 195 48
118 122 50
118 175 57
120 131 4
122 195 87
123 132 12
124 130 41
125 153 92
125 160 13
126 162 3
127 147 41
128 133 75
128 147 79
128 181 43
130 170 89
130 174 49
133 167 46
134 177 12
135 142 58
135 147 54
136 156 54
136 189 45
136 193 81
137 156 72
138 171 40
139 185 53
139 189 81
140 186 6
141 192 25
142 179 85
145 160 32
145 196 25
148 179 34
148 180 88
148 181 28
149 159 20
150 177 51
152 180 20
153 173 12
154 173 15
154 189 75
156 166 4
156 179 90
156 195 53
158 188 46
162 166 30
162 180 53
163 168 43
165 197 94
166 200 11
169 183 97
169 193 99
171 197 7
172 183 29
173 180 71
176 183 47
179 182 82
179 189 3
180 187 4
180 196 58
190 198 87
194 195 87
